[9.jpg]
filters=warm=1;finetune2=1,0.000000,0.480000,0.000000,00000000,-0.052632;warm=1;sepia=1;bw=1;warm=1;sat=1,0.438596;
moddate=6bb4093a21abd801
width=2613
height=1200
textactive=0
